(kicad_pcb (version 20171130) (host pcbnew "(5.0.2)-1")

  (general
    (thickness 1.6)
    (drawings 38)
    (tracks 205)
    (zones 0)
    (modules 20)
    (nets 14)
  )

  (page A4)
  (layers
    (0 Top signal)
    (31 GND signal)
    (32 B.Adhes user)
    (33 F.Adhes user)
    (34 B.Paste user)
    (35 F.Paste user)
    (36 B.SilkS user)
    (37 F.SilkS user)
    (38 B.Mask user)
    (39 F.Mask user)
    (40 Dwgs.User user)
    (41 Cmts.User user)
    (42 Eco1.User user)
    (43 Eco2.User user)
    (44 Edge.Cuts user)
    (45 Margin user)
    (46 B.CrtYd user)
    (47 F.CrtYd user)
    (48 B.Fab user)
    (49 F.Fab user)
  )

  (setup
    (last_trace_width 0.5)
    (user_trace_width 0.3)
    (user_trace_width 0.5)
    (user_trace_width 0.8)
    (user_trace_width 1)
    (user_trace_width 1.5)
    (trace_clearance 0.15)
    (zone_clearance 0.25)
    (zone_45_only no)
    (trace_min 0.15)
    (segment_width 0.2)
    (edge_width 0.15)
    (via_size 0.8)
    (via_drill 0.4)
    (via_min_size 0.4)
    (via_min_drill 0.3)
    (uvia_size 0.3)
    (uvia_drill 0.1)
    (uvias_allowed no)
    (uvia_min_size 0.2)
    (uvia_min_drill 0.1)
    (pcb_text_width 0.3)
    (pcb_text_size 1.5 1.5)
    (mod_edge_width 0.15)
    (mod_text_size 1 1)
    (mod_text_width 0.15)
    (pad_size 1.524 1.524)
    (pad_drill 0.762)
    (pad_to_mask_clearance 0.05)
    (solder_mask_min_width 0.25)
    (aux_axis_origin 0 0)
    (visible_elements 7FFFFFFF)
    (pcbplotparams
      (layerselection 0x010fc_ffffffff)
      (usegerberextensions true)
      (usegerberattributes false)
      (usegerberadvancedattributes false)
      (creategerberjobfile false)
      (excludeedgelayer false)
      (linewidth 0.100000)
      (plotframeref false)
      (viasonmask false)
      (mode 1)
      (useauxorigin false)
      (hpglpennumber 1)
      (hpglpenspeed 20)
      (hpglpendiameter 15.000000)
      (psnegative false)
      (psa4output false)
      (plotreference true)
      (plotvalue false)
      (plotinvisibletext false)
      (padsonsilk false)
      (subtractmaskfromsilk false)
      (outputformat 1)
      (mirror false)
      (drillshape 0)
      (scaleselection 1)
      (outputdirectory "gerber"))
  )

  (net 0 "")
  (net 1 KL31)
  (net 2 Poti_1)
  (net 3 "Net-(C4-Pad1)")
  (net 4 Heizung+)
  (net 5 Heizung-)
  (net 6 "Net-(D2-Pad2)")
  (net 7 "Net-(Q1-Pad4)")
  (net 8 "Net-(R3-Pad2)")
  (net 9 "Net-(R3-Pad1)")
  (net 10 "Net-(R4-Pad2)")
  (net 11 "Net-(R6-Pad1)")
  (net 12 Poti_2)
  (net 13 /VIN)

  (net_class Default "This is the default net class."
    (clearance 0.15)
    (trace_width 0.25)
    (via_dia 0.8)
    (via_drill 0.4)
    (uvia_dia 0.3)
    (uvia_drill 0.1)
    (add_net /VIN)
    (add_net Heizung+)
    (add_net Heizung-)
    (add_net KL31)
    (add_net "Net-(C4-Pad1)")
    (add_net "Net-(D2-Pad2)")
    (add_net "Net-(Q1-Pad4)")
    (add_net "Net-(R3-Pad1)")
    (add_net "Net-(R3-Pad2)")
    (add_net "Net-(R4-Pad2)")
    (add_net "Net-(R6-Pad1)")
    (add_net Poti_1)
    (add_net Poti_2)
  )

  (module Capacitor_SMD:C_0805_2012Metric_Pad1.15x1.40mm_HandSolder (layer Top) (tedit 5C76E929) (tstamp 5C776E2A)
    (at 156.075 107.5 180)
    (descr "Capacitor SMD 0805 (2012 Metric), square (rectangular) end terminal, IPC_7351 nominal with elongated pad for handsoldering. (Body size source: https://docs.google.com/spreadsheets/d/1BsfQQcO9C6DZCsRaXUlFlo91Tg2WpOkGARC1WS5S8t0/edit?usp=sharing), generated with kicad-footprint-generator")
    (tags "capacitor handsolder")
    (path /5B3C94B6)
    (attr smd)
    (fp_text reference C4 (at 2.175 -0.2 90) (layer F.SilkS)
      (effects (font (size 0.8 0.8) (thickness 0.15)))
    )
    (fp_text value 1u (at 0 1.65 180) (layer F.Fab)
      (effects (font (size 1 1) (thickness 0.15)))
    )
    (fp_line (start -1 0.6) (end -1 -0.6) (layer F.Fab) (width 0.1))
    (fp_line (start -1 -0.6) (end 1 -0.6) (layer F.Fab) (width 0.1))
    (fp_line (start 1 -0.6) (end 1 0.6) (layer F.Fab) (width 0.1))
    (fp_line (start 1 0.6) (end -1 0.6) (layer F.Fab) (width 0.1))
    (fp_line (start -0.261252 -0.71) (end 0.261252 -0.71) (layer F.SilkS) (width 0.12))
    (fp_line (start -0.261252 0.71) (end 0.261252 0.71) (layer F.SilkS) (width 0.12))
    (fp_line (start -1.85 0.95) (end -1.85 -0.95) (layer F.CrtYd) (width 0.05))
    (fp_line (start -1.85 -0.95) (end 1.85 -0.95) (layer F.CrtYd) (width 0.05))
    (fp_line (start 1.85 -0.95) (end 1.85 0.95) (layer F.CrtYd) (width 0.05))
    (fp_line (start 1.85 0.95) (end -1.85 0.95) (layer F.CrtYd) (width 0.05))
    (fp_text user %R (at 0 0 180) (layer F.Fab)
      (effects (font (size 0.5 0.5) (thickness 0.08)))
    )
    (pad 1 smd roundrect (at -1.025 0 180) (size 1.15 1.4) (layers Top F.Paste F.Mask) (roundrect_rratio 0.217391)
      (net 3 "Net-(C4-Pad1)"))
    (pad 2 smd roundrect (at 1.025 0 180) (size 1.15 1.4) (layers Top F.Paste F.Mask) (roundrect_rratio 0.217391)
      (net 1 KL31))
    (model ${KISYS3DMOD}/Capacitor_SMD.3dshapes/C_0805_2012Metric.wrl
      (at (xyz 0 0 0))
      (scale (xyz 1 1 1))
      (rotate (xyz 0 0 0))
    )
  )

  (module Capacitor_SMD:C_0805_2012Metric_Pad1.15x1.40mm_HandSolder (layer Top) (tedit 5B36C52B) (tstamp 5B5417C3)
    (at 163.5 102.325 90)
    (descr "Capacitor SMD 0805 (2012 Metric), square (rectangular) end terminal, IPC_7351 nominal with elongated pad for handsoldering. (Body size source: https://docs.google.com/spreadsheets/d/1BsfQQcO9C6DZCsRaXUlFlo91Tg2WpOkGARC1WS5S8t0/edit?usp=sharing), generated with kicad-footprint-generator")
    (tags "capacitor handsolder")
    (path /5B3BAE1A)
    (attr smd)
    (fp_text reference C1 (at -2.775 0 90) (layer F.SilkS)
      (effects (font (size 1 1) (thickness 0.15)))
    )
    (fp_text value 100n (at 0 1.65 90) (layer F.Fab)
      (effects (font (size 1 1) (thickness 0.15)))
    )
    (fp_line (start -1 0.6) (end -1 -0.6) (layer F.Fab) (width 0.1))
    (fp_line (start -1 -0.6) (end 1 -0.6) (layer F.Fab) (width 0.1))
    (fp_line (start 1 -0.6) (end 1 0.6) (layer F.Fab) (width 0.1))
    (fp_line (start 1 0.6) (end -1 0.6) (layer F.Fab) (width 0.1))
    (fp_line (start -0.261252 -0.71) (end 0.261252 -0.71) (layer F.SilkS) (width 0.12))
    (fp_line (start -0.261252 0.71) (end 0.261252 0.71) (layer F.SilkS) (width 0.12))
    (fp_line (start -1.85 0.95) (end -1.85 -0.95) (layer F.CrtYd) (width 0.05))
    (fp_line (start -1.85 -0.95) (end 1.85 -0.95) (layer F.CrtYd) (width 0.05))
    (fp_line (start 1.85 -0.95) (end 1.85 0.95) (layer F.CrtYd) (width 0.05))
    (fp_line (start 1.85 0.95) (end -1.85 0.95) (layer F.CrtYd) (width 0.05))
    (fp_text user %R (at 0 0 90) (layer F.Fab)
      (effects (font (size 0.5 0.5) (thickness 0.08)))
    )
    (pad 1 smd roundrect (at -1.025 0 90) (size 1.15 1.4) (layers Top F.Paste F.Mask) (roundrect_rratio 0.217391)
      (net 13 /VIN))
    (pad 2 smd roundrect (at 1.025 0 90) (size 1.15 1.4) (layers Top F.Paste F.Mask) (roundrect_rratio 0.217391)
      (net 1 KL31))
    (model ${KISYS3DMOD}/Capacitor_SMD.3dshapes/C_0805_2012Metric.wrl
      (at (xyz 0 0 0))
      (scale (xyz 1 1 1))
      (rotate (xyz 0 0 0))
    )
  )

  (module Capacitor_SMD:C_0805_2012Metric_Pad1.15x1.40mm_HandSolder (layer Top) (tedit 5B36C52B) (tstamp 5B54187D)
    (at 156.1 97.1)
    (descr "Capacitor SMD 0805 (2012 Metric), square (rectangular) end terminal, IPC_7351 nominal with elongated pad for handsoldering. (Body size source: https://docs.google.com/spreadsheets/d/1BsfQQcO9C6DZCsRaXUlFlo91Tg2WpOkGARC1WS5S8t0/edit?usp=sharing), generated with kicad-footprint-generator")
    (tags "capacitor handsolder")
    (path /5B3BDCCA)
    (attr smd)
    (fp_text reference C3 (at 0 -1.65) (layer F.SilkS)
      (effects (font (size 1 1) (thickness 0.15)))
    )
    (fp_text value 100n (at 0 1.65) (layer F.Fab)
      (effects (font (size 1 1) (thickness 0.15)))
    )
    (fp_text user %R (at 0 0) (layer F.Fab)
      (effects (font (size 0.5 0.5) (thickness 0.08)))
    )
    (fp_line (start 1.85 0.95) (end -1.85 0.95) (layer F.CrtYd) (width 0.05))
    (fp_line (start 1.85 -0.95) (end 1.85 0.95) (layer F.CrtYd) (width 0.05))
    (fp_line (start -1.85 -0.95) (end 1.85 -0.95) (layer F.CrtYd) (width 0.05))
    (fp_line (start -1.85 0.95) (end -1.85 -0.95) (layer F.CrtYd) (width 0.05))
    (fp_line (start -0.261252 0.71) (end 0.261252 0.71) (layer F.SilkS) (width 0.12))
    (fp_line (start -0.261252 -0.71) (end 0.261252 -0.71) (layer F.SilkS) (width 0.12))
    (fp_line (start 1 0.6) (end -1 0.6) (layer F.Fab) (width 0.1))
    (fp_line (start 1 -0.6) (end 1 0.6) (layer F.Fab) (width 0.1))
    (fp_line (start -1 -0.6) (end 1 -0.6) (layer F.Fab) (width 0.1))
    (fp_line (start -1 0.6) (end -1 -0.6) (layer F.Fab) (width 0.1))
    (pad 2 smd roundrect (at 1.025 0) (size 1.15 1.4) (layers Top F.Paste F.Mask) (roundrect_rratio 0.217391)
      (net 1 KL31))
    (pad 1 smd roundrect (at -1.025 0) (size 1.15 1.4) (layers Top F.Paste F.Mask) (roundrect_rratio 0.217391)
      (net 12 Poti_2))
    (model ${KISYS3DMOD}/Capacitor_SMD.3dshapes/C_0805_2012Metric.wrl
      (at (xyz 0 0 0))
      (scale (xyz 1 1 1))
      (rotate (xyz 0 0 0))
    )
  )

  (module Diode_SMD:D_MiniMELF (layer Top) (tedit 5905D8F5) (tstamp 5B54193F)
    (at 145.15 97.7 180)
    (descr "Diode Mini-MELF")
    (tags "Diode Mini-MELF")
    (path /5B3BA8F8)
    (attr smd)
    (fp_text reference D1 (at 0 -2 180) (layer F.SilkS)
      (effects (font (size 1 1) (thickness 0.15)))
    )
    (fp_text value LL4148 (at 0 1.75 180) (layer F.Fab)
      (effects (font (size 1 1) (thickness 0.15)))
    )
    (fp_text user %R (at 0 -2 180) (layer F.Fab)
      (effects (font (size 1 1) (thickness 0.15)))
    )
    (fp_line (start 1.75 -1) (end -2.55 -1) (layer F.SilkS) (width 0.12))
    (fp_line (start -2.55 -1) (end -2.55 1) (layer F.SilkS) (width 0.12))
    (fp_line (start -2.55 1) (end 1.75 1) (layer F.SilkS) (width 0.12))
    (fp_line (start 1.65 -0.8) (end 1.65 0.8) (layer F.Fab) (width 0.1))
    (fp_line (start 1.65 0.8) (end -1.65 0.8) (layer F.Fab) (width 0.1))
    (fp_line (start -1.65 0.8) (end -1.65 -0.8) (layer F.Fab) (width 0.1))
    (fp_line (start -1.65 -0.8) (end 1.65 -0.8) (layer F.Fab) (width 0.1))
    (fp_line (start 0.25 0) (end 0.75 0) (layer F.Fab) (width 0.1))
    (fp_line (start 0.25 0.4) (end -0.35 0) (layer F.Fab) (width 0.1))
    (fp_line (start 0.25 -0.4) (end 0.25 0.4) (layer F.Fab) (width 0.1))
    (fp_line (start -0.35 0) (end 0.25 -0.4) (layer F.Fab) (width 0.1))
    (fp_line (start -0.35 0) (end -0.35 0.55) (layer F.Fab) (width 0.1))
    (fp_line (start -0.35 0) (end -0.35 -0.55) (layer F.Fab) (width 0.1))
    (fp_line (start -0.75 0) (end -0.35 0) (layer F.Fab) (width 0.1))
    (fp_line (start -2.65 -1.1) (end 2.65 -1.1) (layer F.CrtYd) (width 0.05))
    (fp_line (start 2.65 -1.1) (end 2.65 1.1) (layer F.CrtYd) (width 0.05))
    (fp_line (start 2.65 1.1) (end -2.65 1.1) (layer F.CrtYd) (width 0.05))
    (fp_line (start -2.65 1.1) (end -2.65 -1.1) (layer F.CrtYd) (width 0.05))
    (pad 1 smd rect (at -1.75 0 180) (size 1.3 1.7) (layers Top F.Paste F.Mask)
      (net 13 /VIN))
    (pad 2 smd rect (at 1.75 0 180) (size 1.3 1.7) (layers Top F.Paste F.Mask)
      (net 4 Heizung+))
    (model ${KISYS3DMOD}/Diode_SMD.3dshapes/D_MiniMELF.wrl
      (at (xyz 0 0 0))
      (scale (xyz 1 1 1))
      (rotate (xyz 0 0 0))
    )
  )

  (module LED_SMD:LED_0805_2012Metric_Pad0.98x1.40mm_HandSolder (layer Top) (tedit 5B36C52C) (tstamp 5B541952)
    (at 154.65 92.75 90)
    (descr "LED SMD 0805 (2012 Metric), square (rectangular) end terminal, IPC_7351 nominal, (Body size source: https://docs.google.com/spreadsheets/d/1BsfQQcO9C6DZCsRaXUlFlo91Tg2WpOkGARC1WS5S8t0/edit?usp=sharing), generated with kicad-footprint-generator")
    (tags "LED handsolder")
    (path /5B3BA9D0)
    (attr smd)
    (fp_text reference D2 (at -2.75 -1.15 90) (layer F.SilkS)
      (effects (font (size 1 1) (thickness 0.15)))
    )
    (fp_text value LED (at 0 1.65 90) (layer F.Fab)
      (effects (font (size 1 1) (thickness 0.15)))
    )
    (fp_line (start 1 -0.6) (end -0.7 -0.6) (layer F.Fab) (width 0.1))
    (fp_line (start -0.7 -0.6) (end -1 -0.3) (layer F.Fab) (width 0.1))
    (fp_line (start -1 -0.3) (end -1 0.6) (layer F.Fab) (width 0.1))
    (fp_line (start -1 0.6) (end 1 0.6) (layer F.Fab) (width 0.1))
    (fp_line (start 1 0.6) (end 1 -0.6) (layer F.Fab) (width 0.1))
    (fp_line (start 1 -0.96) (end -1.685 -0.96) (layer F.SilkS) (width 0.12))
    (fp_line (start -1.685 -0.96) (end -1.685 0.96) (layer F.SilkS) (width 0.12))
    (fp_line (start -1.685 0.96) (end 1 0.96) (layer F.SilkS) (width 0.12))
    (fp_line (start -1.68 0.95) (end -1.68 -0.95) (layer F.CrtYd) (width 0.05))
    (fp_line (start -1.68 -0.95) (end 1.68 -0.95) (layer F.CrtYd) (width 0.05))
    (fp_line (start 1.68 -0.95) (end 1.68 0.95) (layer F.CrtYd) (width 0.05))
    (fp_line (start 1.68 0.95) (end -1.68 0.95) (layer F.CrtYd) (width 0.05))
    (fp_text user %R (at 0 0 90) (layer F.Fab)
      (effects (font (size 0.5 0.5) (thickness 0.08)))
    )
    (pad 1 smd roundrect (at -0.9375 0 90) (size 0.975 1.4) (layers Top F.Paste F.Mask) (roundrect_rratio 0.25)
      (net 5 Heizung-))
    (pad 2 smd roundrect (at 0.9375 0 90) (size 0.975 1.4) (layers Top F.Paste F.Mask) (roundrect_rratio 0.25)
      (net 6 "Net-(D2-Pad2)"))
    (model ${KISYS3DMOD}/LED_SMD.3dshapes/LED_0805_2012Metric.wrl
      (at (xyz 0 0 0))
      (scale (xyz 1 1 1))
      (rotate (xyz 0 0 0))
    )
  )

  (module Connector_TE-Connectivity:TE_MQS_936287-2_1x06_P2.54mm_Horizontal (layer Top) (tedit 5B3D3A72) (tstamp 5B54196C)
    (at 139.9 97.95 270)
    (descr http://www.te.com/commerce/DocumentDelivery/DDEController?Action=showdoc&DocId=Customer+Drawing%7F936287%7FA2%7Fpdf%7FEnglish%7FENG_CD_936287_A2.pdf)
    (tags "TE MQS")
    (path /5B3E35BC)
    (fp_text reference J1 (at -4.35 0.6) (layer F.SilkS)
      (effects (font (size 1 1) (thickness 0.15)))
    )
    (fp_text value Conn_01x06_Male (at 6.5 18.5 270) (layer F.Fab)
      (effects (font (size 1 1) (thickness 0.15)))
    )
    (fp_text user %R (at 6.35 3.81 270) (layer F.Fab)
      (effects (font (size 1 1) (thickness 0.15)))
    )
    (fp_line (start -5.08 3.302) (end -5.08 14.986) (layer F.Fab) (width 0.15))
    (fp_line (start -5.08 14.986) (end 16.51 14.986) (layer F.Fab) (width 0.15))
    (fp_line (start 16.51 14.986) (end 16.51 -1.016) (layer F.Fab) (width 0.15))
    (fp_line (start -3.556 -1.016) (end -3.556 3.302) (layer F.Fab) (width 0.15))
    (fp_line (start -3.556 3.302) (end -5.08 3.302) (layer F.Fab) (width 0.15))
    (fp_line (start 16.51 -1.016) (end 14.732 -1.016) (layer F.Fab) (width 0.15))
    (fp_line (start 14.732 -1.016) (end 14.732 1.524) (layer F.Fab) (width 0.15))
    (fp_line (start -3.556 -1.016) (end -2.032 -1.016) (layer F.Fab) (width 0.15))
    (fp_line (start -2.032 -1.016) (end -2.032 1.27) (layer F.Fab) (width 0.15))
    (fp_line (start -6 -1.5) (end 17 -1.5) (layer F.CrtYd) (width 0.05))
    (fp_line (start 17 -1.5) (end 17 15.5) (layer F.CrtYd) (width 0.05))
    (fp_line (start 17 15.5) (end -6 15.5) (layer F.CrtYd) (width 0.05))
    (fp_line (start -6 15.5) (end -6 -1.5) (layer F.CrtYd) (width 0.05))
    (pad 1 thru_hole rect (at 0 0 270) (size 1.9 1.9) (drill 1.2) (layers *.Cu *.Mask)
      (net 4 Heizung+))
    (pad 2 thru_hole circle (at 2.54 0 270) (size 1.9 1.9) (drill 1.2) (layers *.Cu *.Mask)
      (net 4 Heizung+))
    (pad 3 thru_hole circle (at 5.08 0 270) (size 1.9 1.9) (drill 1.2) (layers *.Cu *.Mask)
      (net 5 Heizung-))
    (pad 4 thru_hole circle (at 7.62 0 270) (size 1.9 1.9) (drill 1.2) (layers *.Cu *.Mask)
      (net 2 Poti_1))
    (pad 5 thru_hole circle (at 10.16 0 270) (size 1.9 1.9) (drill 1.2) (layers *.Cu *.Mask)
      (net 12 Poti_2))
    (pad 6 thru_hole circle (at 12.7 0 270) (size 1.9 1.9) (drill 1.2) (layers *.Cu *.Mask)
      (net 1 KL31))
    (pad "" np_thru_hole circle (at -0.95 3.8 270) (size 2.6 2.6) (drill 2.6) (layers *.Cu *.Mask))
    (pad "" np_thru_hole circle (at 13.65 3.8 270) (size 2.6 2.6) (drill 2.6) (layers *.Cu *.Mask))
    (model ${KIPRJMOD}/c-936287-2-a-3d.stp
      (offset (xyz 6.35 -4.45 3.5))
      (scale (xyz 1 1 1))
      (rotate (xyz -90 0 0))
    )
  )

  (module Package_TO_SOT_SMD:LFPAK33 (layer Top) (tedit 5A710896) (tstamp 5B541996)
    (at 144.9 103.755 90)
    (descr "LFPAK33 SOT-1210 https://assets.nexperia.com/documents/outline-drawing/SOT1210.pdf")
    (tags "LFPAK33 SOT-1210")
    (path /5B3F546F)
    (solder_mask_margin 0.05)
    (attr smd)
    (fp_text reference Q1 (at 3.055 -2.3 180) (layer F.SilkS)
      (effects (font (size 1 1) (thickness 0.15)))
    )
    (fp_text value BUK9M9R1-40EX (at 0 2.64 90) (layer F.Fab)
      (effects (font (size 1 1) (thickness 0.15)))
    )
    (fp_text user %R (at 0 0 180) (layer F.Fab)
      (effects (font (size 0.75 0.75) (thickness 0.13)))
    )
    (fp_line (start -1.22 1.475) (end -1.22 1.77) (layer F.SilkS) (width 0.12))
    (fp_line (start -1.22 1.77) (end 1.62 1.77) (layer F.SilkS) (width 0.12))
    (fp_line (start 1.62 1.77) (end 1.62 1.475) (layer F.SilkS) (width 0.12))
    (fp_line (start 1.62 -1.475) (end 1.62 -1.77) (layer F.SilkS) (width 0.12))
    (fp_line (start 1.62 -1.77) (end -1.22 -1.77) (layer F.SilkS) (width 0.12))
    (fp_line (start -1.22 -1.77) (end -1.22 -1.475) (layer F.SilkS) (width 0.12))
    (fp_line (start -0.6 -1.65) (end 1.5 -1.65) (layer F.Fab) (width 0.1))
    (fp_line (start -1.1 -1.15) (end -1.1 1.65) (layer F.Fab) (width 0.1))
    (fp_line (start -1.1 1.65) (end 1.5 1.65) (layer F.Fab) (width 0.1))
    (fp_line (start 1.5 1.65) (end 1.5 -1.65) (layer F.Fab) (width 0.1))
    (fp_line (start 2.2 -1.9) (end 2.2 1.9) (layer F.CrtYd) (width 0.05))
    (fp_line (start -2.2 -1.9) (end 2.2 -1.9) (layer F.CrtYd) (width 0.05))
    (fp_line (start -2.2 1.9) (end 2.2 1.9) (layer F.CrtYd) (width 0.05))
    (fp_line (start -2.2 1.9) (end -2.2 -1.9) (layer F.CrtYd) (width 0.05))
    (fp_line (start -1.95 -1.475) (end -1.22 -1.475) (layer F.SilkS) (width 0.12))
    (fp_line (start -0.6 -1.65) (end -1.1 -1.15) (layer F.Fab) (width 0.1))
    (pad "" smd rect (at -0.215 -0.626 90) (size 0.51 0.635) (layers F.Paste))
    (pad "" smd rect (at 0.645 -0.626 90) (size 0.51 0.635) (layers F.Paste))
    (pad "" smd rect (at -0.215 0.626 90) (size 0.51 0.635) (layers F.Paste))
    (pad "" smd rect (at 0.645 0.626 90) (size 0.51 0.635) (layers F.Paste))
    (pad 5 smd rect (at 1.575 -0.975 90) (size 0.75 0.4) (layers Top F.Mask)
      (net 5 Heizung-))
    (pad 5 smd rect (at 1.575 0.975 90) (size 0.75 0.4) (layers Top F.Mask)
      (net 5 Heizung-))
    (pad 5 smd rect (at 1.575 -0.325 90) (size 0.75 0.4) (layers Top F.Mask)
      (net 5 Heizung-))
    (pad 2 smd rect (at -1.535 -0.325 90) (size 0.83 0.4) (layers Top F.Mask)
      (net 1 KL31))
    (pad 1 smd rect (at -1.535 -0.975 90) (size 0.83 0.4) (layers Top F.Mask)
      (net 1 KL31))
    (pad 3 smd rect (at -1.535 0.325 90) (size 0.83 0.4) (layers Top F.Mask)
      (net 1 KL31))
    (pad 5 smd rect (at 0.405 0 90) (size 1.85 2.25) (layers Top F.Mask)
      (net 5 Heizung-))
    (pad "" smd rect (at -1.535 0.975 90) (size 0.83 0.3) (layers F.Paste))
    (pad 5 smd rect (at 1.575 0.325 90) (size 0.75 0.4) (layers Top F.Mask)
      (net 5 Heizung-))
    (pad 4 smd rect (at -1.535 0.975 90) (size 0.83 0.4) (layers Top F.Mask)
      (net 7 "Net-(Q1-Pad4)"))
    (pad "" smd rect (at -1.535 0.325 90) (size 0.83 0.3) (layers F.Paste))
    (pad "" smd rect (at -1.535 -0.325 90) (size 0.83 0.3) (layers F.Paste))
    (pad "" smd rect (at -1.535 -0.975 90) (size 0.83 0.3) (layers F.Paste))
    (pad "" smd rect (at 1.575 -0.975 90) (size 0.75 0.3) (layers F.Paste))
    (pad "" smd rect (at 1.575 -0.325 90) (size 0.75 0.3) (layers F.Paste))
    (pad "" smd rect (at 1.575 0.325 90) (size 0.75 0.3) (layers F.Paste))
    (pad "" smd rect (at 1.575 0.975 90) (size 0.75 0.3) (layers F.Paste))
    (model ${KISYS3DMOD}/Package_TO_SOT_SMD.3dshapes/LFPAK33.wrl
      (at (xyz 0 0 0))
      (scale (xyz 1 1 1))
      (rotate (xyz 0 0 0))
    )
  )

  (module Resistor_SMD:R_0805_2012Metric_Pad1.15x1.40mm_HandSolder (layer Top) (tedit 5B36C52B) (tstamp 5B5419A7)
    (at 157.25 92.85 90)
    (descr "Resistor SMD 0805 (2012 Metric), square (rectangular) end terminal, IPC_7351 nominal with elongated pad for handsoldering. (Body size source: https://docs.google.com/spreadsheets/d/1BsfQQcO9C6DZCsRaXUlFlo91Tg2WpOkGARC1WS5S8t0/edit?usp=sharing), generated with kicad-footprint-generator")
    (tags "resistor handsolder")
    (path /5B3BA949)
    (attr smd)
    (fp_text reference R1 (at -1.65 1.75 90) (layer F.SilkS)
      (effects (font (size 1 1) (thickness 0.15)))
    )
    (fp_text value 1k (at 0 1.65 90) (layer F.Fab)
      (effects (font (size 1 1) (thickness 0.15)))
    )
    (fp_line (start -1 0.6) (end -1 -0.6) (layer F.Fab) (width 0.1))
    (fp_line (start -1 -0.6) (end 1 -0.6) (layer F.Fab) (width 0.1))
    (fp_line (start 1 -0.6) (end 1 0.6) (layer F.Fab) (width 0.1))
    (fp_line (start 1 0.6) (end -1 0.6) (layer F.Fab) (width 0.1))
    (fp_line (start -0.261252 -0.71) (end 0.261252 -0.71) (layer F.SilkS) (width 0.12))
    (fp_line (start -0.261252 0.71) (end 0.261252 0.71) (layer F.SilkS) (width 0.12))
    (fp_line (start -1.85 0.95) (end -1.85 -0.95) (layer F.CrtYd) (width 0.05))
    (fp_line (start -1.85 -0.95) (end 1.85 -0.95) (layer F.CrtYd) (width 0.05))
    (fp_line (start 1.85 -0.95) (end 1.85 0.95) (layer F.CrtYd) (width 0.05))
    (fp_line (start 1.85 0.95) (end -1.85 0.95) (layer F.CrtYd) (width 0.05))
    (fp_text user %R (at 0 0 90) (layer F.Fab)
      (effects (font (size 0.5 0.5) (thickness 0.08)))
    )
    (pad 1 smd roundrect (at -1.025 0 90) (size 1.15 1.4) (layers Top F.Paste F.Mask) (roundrect_rratio 0.217391)
      (net 4 Heizung+))
    (pad 2 smd roundrect (at 1.025 0 90) (size 1.15 1.4) (layers Top F.Paste F.Mask) (roundrect_rratio 0.217391)
      (net 6 "Net-(D2-Pad2)"))
    (model ${KISYS3DMOD}/Resistor_SMD.3dshapes/R_0805_2012Metric.wrl
      (at (xyz 0 0 0))
      (scale (xyz 1 1 1))
      (rotate (xyz 0 0 0))
    )
  )

  (module Resistor_SMD:R_0805_2012Metric_Pad1.15x1.40mm_HandSolder (layer Top) (tedit 5B36C52B) (tstamp 5B5419B8)
    (at 151.475 97.1)
    (descr "Resistor SMD 0805 (2012 Metric), square (rectangular) end terminal, IPC_7351 nominal with elongated pad for handsoldering. (Body size source: https://docs.google.com/spreadsheets/d/1BsfQQcO9C6DZCsRaXUlFlo91Tg2WpOkGARC1WS5S8t0/edit?usp=sharing), generated with kicad-footprint-generator")
    (tags "resistor handsolder")
    (path /5B3BDC61)
    (attr smd)
    (fp_text reference R2 (at -1.775 1.7) (layer F.SilkS)
      (effects (font (size 1 1) (thickness 0.15)))
    )
    (fp_text value R (at 0 1.65) (layer F.Fab)
      (effects (font (size 1 1) (thickness 0.15)))
    )
    (fp_text user %R (at 0 0) (layer F.Fab)
      (effects (font (size 0.5 0.5) (thickness 0.08)))
    )
    (fp_line (start 1.85 0.95) (end -1.85 0.95) (layer F.CrtYd) (width 0.05))
    (fp_line (start 1.85 -0.95) (end 1.85 0.95) (layer F.CrtYd) (width 0.05))
    (fp_line (start -1.85 -0.95) (end 1.85 -0.95) (layer F.CrtYd) (width 0.05))
    (fp_line (start -1.85 0.95) (end -1.85 -0.95) (layer F.CrtYd) (width 0.05))
    (fp_line (start -0.261252 0.71) (end 0.261252 0.71) (layer F.SilkS) (width 0.12))
    (fp_line (start -0.261252 -0.71) (end 0.261252 -0.71) (layer F.SilkS) (width 0.12))
    (fp_line (start 1 0.6) (end -1 0.6) (layer F.Fab) (width 0.1))
    (fp_line (start 1 -0.6) (end 1 0.6) (layer F.Fab) (width 0.1))
    (fp_line (start -1 -0.6) (end 1 -0.6) (layer F.Fab) (width 0.1))
    (fp_line (start -1 0.6) (end -1 -0.6) (layer F.Fab) (width 0.1))
    (pad 2 smd roundrect (at 1.025 0) (size 1.15 1.4) (layers Top F.Paste F.Mask) (roundrect_rratio 0.217391)
      (net 1 KL31))
    (pad 1 smd roundrect (at -1.025 0) (size 1.15 1.4) (layers Top F.Paste F.Mask) (roundrect_rratio 0.217391)
      (net 12 Poti_2))
    (model ${KISYS3DMOD}/Resistor_SMD.3dshapes/R_0805_2012Metric.wrl
      (at (xyz 0 0 0))
      (scale (xyz 1 1 1))
      (rotate (xyz 0 0 0))
    )
  )

  (module Resistor_SMD:R_0805_2012Metric_Pad1.15x1.40mm_HandSolder (layer Top) (tedit 5B36C52B) (tstamp 5B5419C9)
    (at 151.7 107.5)
    (descr "Resistor SMD 0805 (2012 Metric), square (rectangular) end terminal, IPC_7351 nominal with elongated pad for handsoldering. (Body size source: https://docs.google.com/spreadsheets/d/1BsfQQcO9C6DZCsRaXUlFlo91Tg2WpOkGARC1WS5S8t0/edit?usp=sharing), generated with kicad-footprint-generator")
    (tags "resistor handsolder")
    (path /5B3D6DA6)
    (attr smd)
    (fp_text reference R3 (at -2.85 0.1) (layer F.SilkS)
      (effects (font (size 1 1) (thickness 0.15)))
    )
    (fp_text value 1k (at 0 1.65) (layer F.Fab)
      (effects (font (size 1 1) (thickness 0.15)))
    )
    (fp_text user %R (at 0 0) (layer F.Fab)
      (effects (font (size 0.5 0.5) (thickness 0.08)))
    )
    (fp_line (start 1.85 0.95) (end -1.85 0.95) (layer F.CrtYd) (width 0.05))
    (fp_line (start 1.85 -0.95) (end 1.85 0.95) (layer F.CrtYd) (width 0.05))
    (fp_line (start -1.85 -0.95) (end 1.85 -0.95) (layer F.CrtYd) (width 0.05))
    (fp_line (start -1.85 0.95) (end -1.85 -0.95) (layer F.CrtYd) (width 0.05))
    (fp_line (start -0.261252 0.71) (end 0.261252 0.71) (layer F.SilkS) (width 0.12))
    (fp_line (start -0.261252 -0.71) (end 0.261252 -0.71) (layer F.SilkS) (width 0.12))
    (fp_line (start 1 0.6) (end -1 0.6) (layer F.Fab) (width 0.1))
    (fp_line (start 1 -0.6) (end 1 0.6) (layer F.Fab) (width 0.1))
    (fp_line (start -1 -0.6) (end 1 -0.6) (layer F.Fab) (width 0.1))
    (fp_line (start -1 0.6) (end -1 -0.6) (layer F.Fab) (width 0.1))
    (pad 2 smd roundrect (at 1.025 0) (size 1.15 1.4) (layers Top F.Paste F.Mask) (roundrect_rratio 0.217391)
      (net 8 "Net-(R3-Pad2)"))
    (pad 1 smd roundrect (at -1.025 0) (size 1.15 1.4) (layers Top F.Paste F.Mask) (roundrect_rratio 0.217391)
      (net 9 "Net-(R3-Pad1)"))
    (model ${KISYS3DMOD}/Resistor_SMD.3dshapes/R_0805_2012Metric.wrl
      (at (xyz 0 0 0))
      (scale (xyz 1 1 1))
      (rotate (xyz 0 0 0))
    )
  )

  (module Resistor_SMD:R_0805_2012Metric_Pad1.15x1.40mm_HandSolder (layer Top) (tedit 5B36C52B) (tstamp 5B5419DA)
    (at 149.7 102.4 90)
    (descr "Resistor SMD 0805 (2012 Metric), square (rectangular) end terminal, IPC_7351 nominal with elongated pad for handsoldering. (Body size source: https://docs.google.com/spreadsheets/d/1BsfQQcO9C6DZCsRaXUlFlo91Tg2WpOkGARC1WS5S8t0/edit?usp=sharing), generated with kicad-footprint-generator")
    (tags "resistor handsolder")
    (path /5B3BAB8F)
    (attr smd)
    (fp_text reference R4 (at -2.8 0 90) (layer F.SilkS)
      (effects (font (size 1 1) (thickness 0.15)))
    )
    (fp_text value 15k (at 0 1.65 90) (layer F.Fab)
      (effects (font (size 1 1) (thickness 0.15)))
    )
    (fp_line (start -1 0.6) (end -1 -0.6) (layer F.Fab) (width 0.1))
    (fp_line (start -1 -0.6) (end 1 -0.6) (layer F.Fab) (width 0.1))
    (fp_line (start 1 -0.6) (end 1 0.6) (layer F.Fab) (width 0.1))
    (fp_line (start 1 0.6) (end -1 0.6) (layer F.Fab) (width 0.1))
    (fp_line (start -0.261252 -0.71) (end 0.261252 -0.71) (layer F.SilkS) (width 0.12))
    (fp_line (start -0.261252 0.71) (end 0.261252 0.71) (layer F.SilkS) (width 0.12))
    (fp_line (start -1.85 0.95) (end -1.85 -0.95) (layer F.CrtYd) (width 0.05))
    (fp_line (start -1.85 -0.95) (end 1.85 -0.95) (layer F.CrtYd) (width 0.05))
    (fp_line (start 1.85 -0.95) (end 1.85 0.95) (layer F.CrtYd) (width 0.05))
    (fp_line (start 1.85 0.95) (end -1.85 0.95) (layer F.CrtYd) (width 0.05))
    (fp_text user %R (at 0 0 90) (layer F.Fab)
      (effects (font (size 0.5 0.5) (thickness 0.08)))
    )
    (pad 1 smd roundrect (at -1.025 0 90) (size 1.15 1.4) (layers Top F.Paste F.Mask) (roundrect_rratio 0.217391)
      (net 7 "Net-(Q1-Pad4)"))
    (pad 2 smd roundrect (at 1.025 0 90) (size 1.15 1.4) (layers Top F.Paste F.Mask) (roundrect_rratio 0.217391)
      (net 10 "Net-(R4-Pad2)"))
    (model ${KISYS3DMOD}/Resistor_SMD.3dshapes/R_0805_2012Metric.wrl
      (at (xyz 0 0 0))
      (scale (xyz 1 1 1))
      (rotate (xyz 0 0 0))
    )
  )

  (module Resistor_SMD:R_0805_2012Metric_Pad1.15x1.40mm_HandSolder (layer Top) (tedit 5B36C52B) (tstamp 5B5419EB)
    (at 160.95 97.15)
    (descr "Resistor SMD 0805 (2012 Metric), square (rectangular) end terminal, IPC_7351 nominal with elongated pad for handsoldering. (Body size source: https://docs.google.com/spreadsheets/d/1BsfQQcO9C6DZCsRaXUlFlo91Tg2WpOkGARC1WS5S8t0/edit?usp=sharing), generated with kicad-footprint-generator")
    (tags "resistor handsolder")
    (path /5B3BAB57)
    (attr smd)
    (fp_text reference R5 (at 2.95 0.05 90) (layer F.SilkS)
      (effects (font (size 1 1) (thickness 0.15)))
    )
    (fp_text value 1k8 (at 0 1.65) (layer F.Fab)
      (effects (font (size 1 1) (thickness 0.15)))
    )
    (fp_text user %R (at 0 0) (layer F.Fab)
      (effects (font (size 0.5 0.5) (thickness 0.08)))
    )
    (fp_line (start 1.85 0.95) (end -1.85 0.95) (layer F.CrtYd) (width 0.05))
    (fp_line (start 1.85 -0.95) (end 1.85 0.95) (layer F.CrtYd) (width 0.05))
    (fp_line (start -1.85 -0.95) (end 1.85 -0.95) (layer F.CrtYd) (width 0.05))
    (fp_line (start -1.85 0.95) (end -1.85 -0.95) (layer F.CrtYd) (width 0.05))
    (fp_line (start -0.261252 0.71) (end 0.261252 0.71) (layer F.SilkS) (width 0.12))
    (fp_line (start -0.261252 -0.71) (end 0.261252 -0.71) (layer F.SilkS) (width 0.12))
    (fp_line (start 1 0.6) (end -1 0.6) (layer F.Fab) (width 0.1))
    (fp_line (start 1 -0.6) (end 1 0.6) (layer F.Fab) (width 0.1))
    (fp_line (start -1 -0.6) (end 1 -0.6) (layer F.Fab) (width 0.1))
    (fp_line (start -1 0.6) (end -1 -0.6) (layer F.Fab) (width 0.1))
    (pad 2 smd roundrect (at 1.025 0) (size 1.15 1.4) (layers Top F.Paste F.Mask) (roundrect_rratio 0.217391)
      (net 1 KL31))
    (pad 1 smd roundrect (at -1.025 0) (size 1.15 1.4) (layers Top F.Paste F.Mask) (roundrect_rratio 0.217391)
      (net 10 "Net-(R4-Pad2)"))
    (model ${KISYS3DMOD}/Resistor_SMD.3dshapes/R_0805_2012Metric.wrl
      (at (xyz 0 0 0))
      (scale (xyz 1 1 1))
      (rotate (xyz 0 0 0))
    )
  )

  (module Resistor_SMD:R_0805_2012Metric_Pad1.15x1.40mm_HandSolder (layer Top) (tedit 5B36C52B) (tstamp 5B5419FC)
    (at 160.4 107.5)
    (descr "Resistor SMD 0805 (2012 Metric), square (rectangular) end terminal, IPC_7351 nominal with elongated pad for handsoldering. (Body size source: https://docs.google.com/spreadsheets/d/1BsfQQcO9C6DZCsRaXUlFlo91Tg2WpOkGARC1WS5S8t0/edit?usp=sharing), generated with kicad-footprint-generator")
    (tags "resistor handsolder")
    (path /5B3CCBCB)
    (attr smd)
    (fp_text reference R6 (at 2.8 -1.2) (layer F.SilkS)
      (effects (font (size 1 1) (thickness 0.15)))
    )
    (fp_text value 1k (at 0 1.65) (layer F.Fab)
      (effects (font (size 1 1) (thickness 0.15)))
    )
    (fp_line (start -1 0.6) (end -1 -0.6) (layer F.Fab) (width 0.1))
    (fp_line (start -1 -0.6) (end 1 -0.6) (layer F.Fab) (width 0.1))
    (fp_line (start 1 -0.6) (end 1 0.6) (layer F.Fab) (width 0.1))
    (fp_line (start 1 0.6) (end -1 0.6) (layer F.Fab) (width 0.1))
    (fp_line (start -0.261252 -0.71) (end 0.261252 -0.71) (layer F.SilkS) (width 0.12))
    (fp_line (start -0.261252 0.71) (end 0.261252 0.71) (layer F.SilkS) (width 0.12))
    (fp_line (start -1.85 0.95) (end -1.85 -0.95) (layer F.CrtYd) (width 0.05))
    (fp_line (start -1.85 -0.95) (end 1.85 -0.95) (layer F.CrtYd) (width 0.05))
    (fp_line (start 1.85 -0.95) (end 1.85 0.95) (layer F.CrtYd) (width 0.05))
    (fp_line (start 1.85 0.95) (end -1.85 0.95) (layer F.CrtYd) (width 0.05))
    (fp_text user %R (at 0 0) (layer F.Fab)
      (effects (font (size 0.5 0.5) (thickness 0.08)))
    )
    (pad 1 smd roundrect (at -1.025 0) (size 1.15 1.4) (layers Top F.Paste F.Mask) (roundrect_rratio 0.217391)
      (net 11 "Net-(R6-Pad1)"))
    (pad 2 smd roundrect (at 1.025 0) (size 1.15 1.4) (layers Top F.Paste F.Mask) (roundrect_rratio 0.217391)
      (net 1 KL31))
    (model ${KISYS3DMOD}/Resistor_SMD.3dshapes/R_0805_2012Metric.wrl
      (at (xyz 0 0 0))
      (scale (xyz 1 1 1))
      (rotate (xyz 0 0 0))
    )
  )

  (module Potentiometer_THT:Potentiometer_Bourns_3386X_Horizontal (layer Top) (tedit 5AA07388) (tstamp 5B5435C6)
    (at 145.25 94.3 90)
    (descr "Potentiometer, horizontal, Bourns 3386X, https://www.bourns.com/pdfs/3386.pdf")
    (tags "Potentiometer horizontal Bourns 3386X")
    (path /5B3BF5CE)
    (fp_text reference RV1 (at 0.2 -3.15 90) (layer F.SilkS)
      (effects (font (size 1 1) (thickness 0.15)))
    )
    (fp_text value 200R (at 0 8.555 90) (layer F.Fab)
      (effects (font (size 1 1) (thickness 0.15)))
    )
    (fp_line (start 3.685 -2.225) (end 3.685 7.305) (layer F.Fab) (width 0.1))
    (fp_line (start 3.685 7.305) (end -1.145 7.305) (layer F.Fab) (width 0.1))
    (fp_line (start -1.145 7.305) (end -1.145 -2.225) (layer F.Fab) (width 0.1))
    (fp_line (start -1.145 -2.225) (end 3.685 -2.225) (layer F.Fab) (width 0.1))
    (fp_line (start -1.265 -2.345) (end 3.805 -2.345) (layer F.SilkS) (width 0.12))
    (fp_line (start -1.265 7.425) (end 3.805 7.425) (layer F.SilkS) (width 0.12))
    (fp_line (start 3.805 -2.345) (end 3.805 7.425) (layer F.SilkS) (width 0.12))
    (fp_line (start -1.265 -2.345) (end -1.265 7.425) (layer F.SilkS) (width 0.12))
    (fp_line (start -1.4 -2.48) (end -1.4 7.56) (layer F.CrtYd) (width 0.05))
    (fp_line (start -1.4 7.56) (end 3.94 7.56) (layer F.CrtYd) (width 0.05))
    (fp_line (start 3.94 7.56) (end 3.94 -2.48) (layer F.CrtYd) (width 0.05))
    (fp_line (start 3.94 -2.48) (end -1.4 -2.48) (layer F.CrtYd) (width 0.05))
    (fp_text user %R (at 1.27 2.54 90) (layer F.Fab)
      (effects (font (size 1 1) (thickness 0.15)))
    )
    (pad 3 thru_hole circle (at 0 5.08 90) (size 1.44 1.44) (drill 0.8) (layers *.Cu *.Mask)
      (net 1 KL31))
    (pad 2 thru_hole circle (at 2.54 2.54 90) (size 1.44 1.44) (drill 0.8) (layers *.Cu *.Mask)
      (net 1 KL31))
    (pad 1 thru_hole circle (at 0 0 90) (size 1.44 1.44) (drill 0.8) (layers *.Cu *.Mask)
      (net 12 Poti_2))
    (model ${KISYS3DMOD}/Potentiometer_THT.3dshapes/Potentiometer_Bourns_3386X_Horizontal.wrl
      (at (xyz 0 0 0))
      (scale (xyz 1 1 1))
      (rotate (xyz 0 0 0))
    )
  )

  (module Package_SO:SOIC-16_3.9x9.9mm_P1.27mm (layer Top) (tedit 5A02F2D3) (tstamp 5B541A35)
    (at 156.55 102.35 90)
    (descr "16-Lead Plastic Small Outline (SL) - Narrow, 3.90 mm Body [SOIC] (see Microchip Packaging Specification 00000049BS.pdf)")
    (tags "SOIC 1.27")
    (path /5B3BA59D)
    (attr smd)
    (fp_text reference U1 (at 2.95 6.05 90) (layer F.SilkS)
      (effects (font (size 1 1) (thickness 0.15)))
    )
    (fp_text value TL494 (at 0 6 90) (layer F.Fab)
      (effects (font (size 1 1) (thickness 0.15)))
    )
    (fp_text user %R (at 0 0 90) (layer F.Fab)
      (effects (font (size 0.9 0.9) (thickness 0.135)))
    )
    (fp_line (start -0.95 -4.95) (end 1.95 -4.95) (layer F.Fab) (width 0.15))
    (fp_line (start 1.95 -4.95) (end 1.95 4.95) (layer F.Fab) (width 0.15))
    (fp_line (start 1.95 4.95) (end -1.95 4.95) (layer F.Fab) (width 0.15))
    (fp_line (start -1.95 4.95) (end -1.95 -3.95) (layer F.Fab) (width 0.15))
    (fp_line (start -1.95 -3.95) (end -0.95 -4.95) (layer F.Fab) (width 0.15))
    (fp_line (start -3.7 -5.25) (end -3.7 5.25) (layer F.CrtYd) (width 0.05))
    (fp_line (start 3.7 -5.25) (end 3.7 5.25) (layer F.CrtYd) (width 0.05))
    (fp_line (start -3.7 -5.25) (end 3.7 -5.25) (layer F.CrtYd) (width 0.05))
    (fp_line (start -3.7 5.25) (end 3.7 5.25) (layer F.CrtYd) (width 0.05))
    (fp_line (start -2.075 -5.075) (end -2.075 -5.05) (layer F.SilkS) (width 0.15))
    (fp_line (start 2.075 -5.075) (end 2.075 -4.97) (layer F.SilkS) (width 0.15))
    (fp_line (start 2.075 5.075) (end 2.075 4.97) (layer F.SilkS) (width 0.15))
    (fp_line (start -2.075 5.075) (end -2.075 4.97) (layer F.SilkS) (width 0.15))
    (fp_line (start -2.075 -5.075) (end 2.075 -5.075) (layer F.SilkS) (width 0.15))
    (fp_line (start -2.075 5.075) (end 2.075 5.075) (layer F.SilkS) (width 0.15))
    (fp_line (start -2.075 -5.05) (end -3.45 -5.05) (layer F.SilkS) (width 0.15))
    (pad 1 smd rect (at -2.7 -4.445 90) (size 1.5 0.6) (layers Top F.Paste F.Mask)
      (net 12 Poti_2))
    (pad 2 smd rect (at -2.7 -3.175 90) (size 1.5 0.6) (layers Top F.Paste F.Mask)
      (net 9 "Net-(R3-Pad1)"))
    (pad 3 smd rect (at -2.7 -1.905 90) (size 1.5 0.6) (layers Top F.Paste F.Mask)
      (net 8 "Net-(R3-Pad2)"))
    (pad 4 smd rect (at -2.7 -0.635 90) (size 1.5 0.6) (layers Top F.Paste F.Mask)
      (net 1 KL31))
    (pad 5 smd rect (at -2.7 0.635 90) (size 1.5 0.6) (layers Top F.Paste F.Mask)
      (net 3 "Net-(C4-Pad1)"))
    (pad 6 smd rect (at -2.7 1.905 90) (size 1.5 0.6) (layers Top F.Paste F.Mask)
      (net 11 "Net-(R6-Pad1)"))
    (pad 7 smd rect (at -2.7 3.175 90) (size 1.5 0.6) (layers Top F.Paste F.Mask)
      (net 1 KL31))
    (pad 8 smd rect (at -2.7 4.445 90) (size 1.5 0.6) (layers Top F.Paste F.Mask)
      (net 13 /VIN))
    (pad 9 smd rect (at 2.7 4.445 90) (size 1.5 0.6) (layers Top F.Paste F.Mask)
      (net 10 "Net-(R4-Pad2)"))
    (pad 10 smd rect (at 2.7 3.175 90) (size 1.5 0.6) (layers Top F.Paste F.Mask)
      (net 10 "Net-(R4-Pad2)"))
    (pad 11 smd rect (at 2.7 1.905 90) (size 1.5 0.6) (layers Top F.Paste F.Mask)
      (net 13 /VIN))
    (pad 12 smd rect (at 2.7 0.635 90) (size 1.5 0.6) (layers Top F.Paste F.Mask)
      (net 13 /VIN))
    (pad 13 smd rect (at 2.7 -0.635 90) (size 1.5 0.6) (layers Top F.Paste F.Mask)
      (net 1 KL31))
    (pad 14 smd rect (at 2.7 -1.905 90) (size 1.5 0.6) (layers Top F.Paste F.Mask))
    (pad 15 smd rect (at 2.7 -3.175 90) (size 1.5 0.6) (layers Top F.Paste F.Mask)
      (net 2 Poti_1))
    (pad 16 smd rect (at 2.7 -4.445 90) (size 1.5 0.6) (layers Top F.Paste F.Mask)
      (net 1 KL31))
    (model ${KISYS3DMOD}/Package_SO.3dshapes/SOIC-16_3.9x9.9mm_P1.27mm.wrl
      (at (xyz 0 0 0))
      (scale (xyz 1 1 1))
      (rotate (xyz 0 0 0))
    )
  )

  (module Capacitor_SMD:C_0805_2012Metric_Pad1.15x1.40mm_HandSolder (layer Top) (tedit 5B36C52B) (tstamp 5C770B3C)
    (at 151 110.4 180)
    (descr "Capacitor SMD 0805 (2012 Metric), square (rectangular) end terminal, IPC_7351 nominal with elongated pad for handsoldering. (Body size source: https://docs.google.com/spreadsheets/d/1BsfQQcO9C6DZCsRaXUlFlo91Tg2WpOkGARC1WS5S8t0/edit?usp=sharing), generated with kicad-footprint-generator")
    (tags "capacitor handsolder")
    (path /5C776318)
    (attr smd)
    (fp_text reference C5 (at 2.3 1 270) (layer F.SilkS)
      (effects (font (size 1 1) (thickness 0.15)))
    )
    (fp_text value 330n (at 0 1.65 180) (layer F.Fab)
      (effects (font (size 1 1) (thickness 0.15)))
    )
    (fp_text user %R (at 0 0 180) (layer F.Fab)
      (effects (font (size 0.5 0.5) (thickness 0.08)))
    )
    (fp_line (start 1.85 0.95) (end -1.85 0.95) (layer F.CrtYd) (width 0.05))
    (fp_line (start 1.85 -0.95) (end 1.85 0.95) (layer F.CrtYd) (width 0.05))
    (fp_line (start -1.85 -0.95) (end 1.85 -0.95) (layer F.CrtYd) (width 0.05))
    (fp_line (start -1.85 0.95) (end -1.85 -0.95) (layer F.CrtYd) (width 0.05))
    (fp_line (start -0.261252 0.71) (end 0.261252 0.71) (layer F.SilkS) (width 0.12))
    (fp_line (start -0.261252 -0.71) (end 0.261252 -0.71) (layer F.SilkS) (width 0.12))
    (fp_line (start 1 0.6) (end -1 0.6) (layer F.Fab) (width 0.1))
    (fp_line (start 1 -0.6) (end 1 0.6) (layer F.Fab) (width 0.1))
    (fp_line (start -1 -0.6) (end 1 -0.6) (layer F.Fab) (width 0.1))
    (fp_line (start -1 0.6) (end -1 -0.6) (layer F.Fab) (width 0.1))
    (pad 2 smd roundrect (at 1.025 0 180) (size 1.15 1.4) (layers Top F.Paste F.Mask) (roundrect_rratio 0.217391)
      (net 1 KL31))
    (pad 1 smd roundrect (at -1.025 0 180) (size 1.15 1.4) (layers Top F.Paste F.Mask) (roundrect_rratio 0.217391)
